w[0] = -0.004653
w[1] = 0.005256
w[2] = 0.009341
w[3] = -0.008782
Результаты обучение:
|             Итерация |   Эталонное значение |  Полученное значение |           Отклонение |
| -------------------- | -------------------- | -------------------- | -------------------- |
1 эпоха
|                    0 |             0.500000 |             0.834142 |            -0.334142 |
|                    1 |             1.283327 |            -0.291930 |             1.575257 |
|                    2 |             1.473848 |             0.636591 |             0.837256 |
|                    3 |             0.927380 |             1.133251 |            -0.205871 |
2 эпоха
|                    4 |             0.057480 |             0.057470 |             0.000009 |
|                    5 |            -0.477530 |            -0.477536 |             0.000006 |
|                    6 |            -0.272764 |            -0.272765 |             0.000001 |
|                    7 |             0.516814 |             0.516815 |            -0.000001 |
3 эпоха
|                    8 |             1.293668 |             1.293667 |             0.000000 |
|                    9 |             1.469890 |             1.469885 |             0.000005 |
|                   10 |             0.912118 |             0.912110 |             0.000009 |
|                   11 |             0.042464 |             0.042455 |             0.000009 |
4 эпоха
|                   12 |            -0.480936 |            -0.480942 |             0.000005 |
|                   13 |            -0.261984 |            -0.261984 |             0.000001 |
|                   14 |             0.533623 |             0.533624 |            -0.000001 |
|                   15 |             1.303784 |             1.303784 |             0.000000 |
5 эпоха
|                   16 |             1.465658 |             1.465653 |             0.000005 |
|                   17 |             0.896741 |             0.896732 |             0.000009 |
|                   18 |             0.027578 |             0.027569 |             0.000009 |
|                   19 |            -0.484065 |            -0.484070 |             0.000005 |
6 эпоха
|                   20 |            -0.250987 |            -0.250988 |             0.000001 |
|                   21 |             0.550423 |             0.550424 |            -0.000001 |
|                   22 |             1.313674 |             1.313673 |             0.000001 |
|                   23 |             1.461153 |             1.461148 |             0.000005 |
7 эпоха
|                   24 |             0.881250 |             0.881242 |             0.000009 |
|                   25 |             0.012825 |             0.012817 |             0.000009 |
|                   26 |            -0.486916 |            -0.486921 |             0.000005 |
|                   27 |            -0.239779 |            -0.239779 |             0.000001 |
8 эпоха
|                   28 |             0.567208 |             0.567209 |            -0.000001 |
|                   29 |             1.323333 |             1.323332 |             0.000001 |
Результаты прогнозирование:
|             Итерация |   Эталонное значение |  Полученное значение |           Отклонение |
| -------------------- | -------------------- | -------------------- | -------------------- |
1 эпоха
|                   30 |             1.456376 |             0.948538 |             0.507838 |
|                   31 |             0.865653 |             0.357811 |             0.507842 |
|                   32 |            -0.001789 |            -0.509631 |             0.507842 |
|                   33 |            -0.489487 |            -0.997325 |             0.507838 |
2 эпоха
|                   34 |            -0.228361 |            -0.736194 |             0.507833 |
|                   35 |             0.583974 |             0.076143 |             0.507831 |
|                   36 |             1.332759 |             0.824926 |             0.507833 |
|                   37 |             1.451329 |             0.943491 |             0.507838 |
3 эпоха
|                   38 |             0.849951 |             0.342110 |             0.507842 |
|                   39 |            -0.016262 |            -0.524104 |             0.507841 |
|                   40 |            -0.491779 |            -0.999617 |             0.507838 |
|                   41 |            -0.216737 |            -0.724570 |             0.507833 |
4 эпоха
|                   42 |             0.600717 |             0.092886 |             0.507831 |
|                   43 |             1.341951 |             0.834117 |             0.507833 |
|                   44 |             1.446013 |             0.938175 |             0.507838 |